65.  87.  86.  92.  66.  64.  51.  58
44.   2.  33.   3.  33.  22.  13.  14
35.   4.  39.   3.  41.  23.  20.  11
78.  77.  88.  85.  61.  67.  41.  50
81.  85.  87.  80.  86.  84.  80.  91
 1.  11.  21.   4.   0.   0.  15.   7
66.  76.  92.  90.  71.  67.  41.  59
73.  77.  86.  84.  73.  63.  48.  55
45.   6.  57.   3.  31.  30.  14.  14
 1.   9.  15.   3.   0.   0.  12.   2
 62.   81.  102.   87.   71.   65.   51.   63
49.   4.  41.   1.  30.  38.   8.  11
70.  85.  91.  90.  60.  76.  51.  57
89.  86.  87.  85.  78.  81.  86.  72
71.  91.  75.  83.  79.  70.  59.  49
66.  80.  67.  80.  77.  79.  46.  52
 2.  10.  21.   5.   0.   0.  11.   6
59.  72.  78.  86.  68.  78.  52.  42
66.  79.  91.  90.  79.  71.  46.  62
43.   3.  44.   1.  35.  17.   8.  13
20.   1.  14.  65.  16.  19.  14.  31
69.  80.  80.  94.  74.  71.  46.  56
68.  73.  82.  83.  67.  67.  45.  50
17.   3.   9.  71.  21.  19.  18.  17
21.   3.  12.  75.  20.  17.  17.  30
87.  80.  75.  92.  60.  91.  51.  57
19.   2.  15.  78.  18.  15.  12.  23
65.  93.  77.  93.  65.  66.  40.  54
59.  73.  85.  83.  81.  73.  39.  53
 76.   67.   91.  108.   75.   83.   95.   79
43.   7.  54.   4.  28.  26.  13.   8
74.  79.  85.  86.  67.  68.  55.  45
80.  88.  83.  91.  75.  90.  89.  86
70.  83.  81.  88.  64.  80.  42.  52
71.  71.  70.  79.  62.  70.  50.  46
47.   8.  39.   3.  33.  26.  16.   9
54.   7.  36.   3.  29.  21.  14.   7
67.  78.  81.  91.  74.  91.  53.  55
46.   3.  42.   3.  28.  21.   9.   9
43.   7.  48.   4.  36.  28.   5.   8
49.   6.  31.   5.  29.  22.  10.   7
61.  78.  82.  88.  71.  81.  51.  45
68.  68.  88.  98.  71.  74.  60.  64
77.  79.  78.  80.  70.  65.  40.  57
75.  77.  90.  88.  71.  73.  51.  50
73.  72.  80.  83.  58.  76.  46.  61
16.   2.  10.  72.  25.  25.  13.  18
90.  85.  76.  78.  83.  88.  81.  98
49.   9.  49.   6.  31.  30.  10.  12
78. 99. 84. 81. 86. 91. 81. 83