201.  192.  200.  195.  215.  205.  168.  194
217.  190.  208.  217.  189.  226.  190.  213
201.  186.  202.  217.  192.  205.  167.  208
182.  182.  178.  195.  211.  209.  196.  228
206.  197.  226.  209.  215.  202.  208.  215
216.  222.  179.  192.  190.  202.  209.  204
202.  183.  203.  206.  214.  177.  200.  203
207.  207.  180.  169.  181.  201.  200.  171
180.  188.  209.  184.  201.  207.  207.  211
207.  184.  185.  196.  197.  171.  191.  194
206.  189.  193.  227.  192.  196.  186.  178
202.  191.  216.  186.  190.  163.  200.  179
188.  193.  213.  198.  204.  179.  208.  207
201.  207.  194.  220.  192.  216.  200.  200
210.  216.  187.  207.  181.  195.  207.  232
248.  168.  204.  190.  220.  203.  199.  193
203.  194.  214.  216.  205.  212.  203.  211
208.  194.  183.  207.  210.  210.  223.  187
210.  222.  176.  201.  213.  212.  190.  198
199.  208.  227.  206.  199.  185.  202.  209
186.  204.  199.  189.  203.  189.  205.  218
196.  205.  175.  204.  202.  184.  207.  183
197.  197.  206.  177.  191.  198.  211.  200
213.  205.  223.  183.  171.  224.  197.  185
206.  222.  218.  207.  220.  209.  226.  201
225.  190.  220.  197.  192.  202.  199.  174
187.  190.  187.  201.  192.  200.  193.  191
196.  198.  205.  200.  209.  194.  200.  184
194.  176.  201.  197.  188.  208.  220.  214
208.  172.  211.  227.  189.  184.  182.  196
190.  188.  187.  192.  213.  194.  192.  203
216.  203.  202.  209.  180.  207.  203.  183
196.  215.  232.  182.  225.  216.  204.  204
212.  201.  206.  181.  210.  223.  212.  198
189.  199.  191.  212.  192.  198.  212.  188
212.  202.  181.  235.  199.  216.  237.  194
195.  211.  171.  203.  187.  200.  214.  202
196.  195.  182.  215.  193.  197.  216.  200
204.  200.  210.  226.  205.  225.  220.  198
185.  176.  193.  188.  233.  207.  208.  198
204.  209.  198.  184.  165.  198.  181.  204
209.  212.  174.  215.  195.  217.  213.  209
185.  207.  203.  176.  205.  203.  175.  233
209.  222.  203.  190.  196.  206.  192.  213
225.  203.  194.  213.  183.  192.  204.  222
207.  202.  176.  210.  217.  209.  202.  208
212.  189.  217.  195.  201.  200.  232.  197
209.  207.  190.  190.  193.  196.  207.  196
212.  201.  186.  182.  203.  165.  185.  198
199.  189.  218.  228.  211.  198.  201.  189
